848918106
1648904448
2738058851
406596269
1231089713408348161
1226677471929495555
2578600342
1119303015729651712
2871199970
17675782
75504143
172869037
469593822
619810936
604756193
423969547
627670338
1033317343
1055182915863281672
16947418
134829365
303642532
795728197711261698
2360179226
979932248
335296044
181570574
772119574833664000
775627917330186240
2912528287
95082328
722878931943235584
762319792695042048
405873374
1680276368
159543688
88478189
486853972
824234931681394688
312087868
65629661
2934106375
4031559133
141696758
290143710
232391945
245928972
107799739
1322000982
827988150828036098
972796188402552832
399441218
3380118328
1213575026
241468756
985613825356500993
3297779607
2290379794
348126519
925643101930250240
478997499
250356573
219548713
44861484
780641939154538497
2302878367
21389045
884103715577352192
753919242047664128
239142680
75387388
4228731
809568792
14435542
